SVM:

		angry			neutral		OVERALL
	C 	PRE	REC	F1 	PRE	REC	F1 	ACC	F1
	0.001 	93.6	73.7	82.5 	85.6	96.9	90.9 	88.0	86.7
	0.010 	90.7	85.6	88.1 	91.4	94.6	93.0 	91.1	90.5 	 best F1 	 best Acc
	0.500 	86.5	84.5	85.5 	90.5	91.9	91.2 	89.0	88.3
	1.000 	85.3	86.4	85.9 	91.5	90.8	91.2 	89.1	88.5
	5.000 	81.3	83.2	82.2 	89.4	88.1	88.8 	86.2	85.5
	10.000 	82.4	83.3	82.9 	89.6	89.0	89.3 	86.8	86.1
	20.000 	79.8	83.0	81.4 	89.2	87.0	88.1 	85.5	84.7
Confusion Matrix:
	ang 	neu
ang 	32.74 	5.50
neu 	3.35 	58.41
Selected params: 0.01000

0.957627118644
0.957085253456
0.957477477477

SVM-RBF:

		angry			neutral		OVERALL
	C 	PRE	REC	F1 	PRE	REC	F1 	ACC	F1
	0.001 	50.0	0.0	0.0 	61.8	100.0	76.4 	61.8	38.2
	0.010 	50.0	0.0	0.0 	61.8	100.0	76.4 	61.8	38.2
	0.500 	94.4	81.4	87.4 	89.4	97.0	93.0 	91.0	90.2
	1.000 	94.1	82.8	88.1 	90.1	96.8	93.3 	91.5	90.7
	5.000 	93.0	86.3	89.5 	91.9	96.0	93.9 	92.3	91.7
	10.000 	93.4	86.5	89.8 	92.0	96.2	94.0 	92.5	91.9
	20.000 	93.9	88.0	90.9 	92.9	96.5	94.6 	93.2	92.7 	 best F1 	 best Acc
Confusion Matrix:
	ang 	neu
ang 	33.65 	4.59
neu 	2.18 	59.59
Selected params: 20.00000

0.872881355932
0.867799539171
0.870187018702

Random Forest:

		angry			neutral		OVERALL
	C 	PRE	REC	F1 	PRE	REC	F1 	ACC	F1
	10.000 	85.0	83.8	84.4 	90.0	90.9	90.4 	88.1	87.4
	25.000 	89.4	82.9	86.0 	89.9	93.9	91.8 	89.7	88.9
	50.000 	89.4	84.0	86.6 	90.4	93.8	92.1 	90.1	89.3
	100.000 	90.6	82.6	86.4 	89.8	94.7	92.2 	90.1	89.3
	200.000 	92.5	83.3	87.7 	90.3	95.8	93.0 	91.0	90.3 	 best F1 	 best Acc
	500.000 	90.4	84.3	87.2 	90.7	94.4	92.5 	90.6	89.9
Confusion Matrix:
	ang 	neu
ang 	31.85 	6.38
neu 	2.59 	59.18
Selected params: 200.00000

0.923728813559
0.921370967742
0.923060204303

kNN:

		angry			neutral		OVERALL
	C 	PRE	REC	F1 	PRE	REC	F1 	ACC	F1
	1.000 	89.2	84.7	86.9 	90.8	93.7	92.2 	90.2	89.6
	3.000 	94.8	81.5	87.7 	89.5	97.2	93.2 	91.2	90.4 	 best F1 	 best Acc
	5.000 	94.4	77.2	84.9 	87.3	97.1	92.0 	89.5	88.5
	7.000 	95.5	75.8	84.5 	86.7	97.8	91.9 	89.4	88.2
	9.000 	94.4	75.6	84.0 	86.6	97.2	91.6 	89.0	87.8
	11.000 	94.3	71.7	81.5 	84.7	97.3	90.6 	87.5	86.0
	13.000 	94.7	72.6	82.2 	85.2	97.5	90.9 	88.0	86.6
	15.000 	94.2	73.2	82.4 	85.4	97.2	90.9 	88.0	86.7
Confusion Matrix:
	ang 	neu
ang 	31.18 	7.06
neu 	1.71 	60.06
Selected params: 3.00000

0.872881355932
0.874711981567
0.872872225813

gradient boosting:

		angry			neutral		OVERALL
	C 	PRE	REC	F1 	PRE	REC	F1 	ACC	F1
	10.000 	85.2	79.2	82.1 	87.7	91.5	89.5 	86.8	85.8
	25.000 	86.8	80.0	83.3 	88.2	92.5	90.3 	87.7	86.8
	50.000 	87.3	81.6	84.3 	89.1	92.6	90.8 	88.4	87.6
	100.000 	88.3	81.6	84.8 	89.1	93.3	91.2 	88.9	88.0
	200.000 	87.3	83.5	85.3 	90.0	92.5	91.2 	89.0	88.3
	500.000 	89.0	82.6	85.7 	89.7	93.7	91.6 	89.4	88.7 	 best F1 	 best Acc
Confusion Matrix:
	ang 	neu
ang 	31.59 	6.65
neu 	3.91 	57.85
Selected params: 500.00000

0.906779661017
0.904377880184
0.905962471926

		angry			neutral		OVERALL
	C 	PRE	REC	F1 	PRE	REC	F1 	ACC	F1
	1.000 	86.5	87.2	86.9 	91.7	91.2	91.5 	89.7	89.2
	2.000 	85.2	86.3	85.7 	91.1	90.4	90.7 	88.8	88.2
	3.000 	85.8	87.4	86.6 	91.8	90.7	91.2 	89.4	88.9
	4.000 	83.5	88.6	86.0 	92.4	88.7	90.5 	88.7	88.2
	5.000 	87.8	86.1	87.0 	91.2	92.3	91.7 	89.9	89.3 	 best F1 	 best Acc
	6.000 	86.2	87.3	86.8 	91.8	91.0	91.4 	89.6	89.1

0.906779661017
0.903513824885
0.905634314795
